# timecode format v2
0.000
33.319
66.637
99.954
133.273
166.592
199.909
233.228
266.545
299.863
333.182
366.502
399.819
433.137
466.455
499.775
533.091
566.410
599.728
633.046
666.365
699.683
733.001
766.318
799.638
832.957
866.274
899.593
932.911
966.229
999.547
1032.866
1066.185
1099.503
1132.819
1166.138
1199.457
1232.775
1266.092
1299.410
1332.729
1366.049
1399.366
1432.684
1466.001
1499.321
1532.639
1565.957
1599.275
1632.593
1665.911
1699.230
1732.549
1765.867
1799.185
1832.503
1865.821
1899.139
1932.458
1965.777
1999.096
2032.412
2065.731
2099.051
2132.367
2165.685
2199.004
2232.322
2265.639
2298.957
2332.277
2365.595
2398.916
2432.232
2465.550
2498.868
2532.187
2565.505
2598.823
2632.141
2665.460
2698.778
2732.096
2765.413
2798.733
2832.050
2865.369
2898.686
2932.004
2965.323
2998.642
3031.961
3065.279
3098.599
3131.916
3165.233
3198.550
3231.869
3265.188
3298.506
3331.824
3365.142
3398.460
3431.778
3465.096
3498.415
3531.734
3565.052
3598.370
3631.688
3665.008
3698.325
3731.644
3764.961
3798.280
3831.599
3864.916
3898.234
3931.551
3964.870
3998.190
4031.509
4064.831
4098.145
4131.464
4164.786
4198.102
4231.419
4264.740
4298.054
4331.372
4364.695
4398.012
4431.326
4464.649
4497.966
4531.281
4564.600
4597.923
4631.235
4664.557
4697.876
4731.193
4764.511
4797.830
4831.145
4864.467
4897.782
4931.100
4964.418
4997.740
5031.055
5064.377
5097.695
5131.010
5164.329
5197.646
5230.964
5264.287
5297.604
5330.919
5364.241
5397.557
5430.874
5464.194
5497.514
5530.832
5564.150
5597.465
5630.783
5664.104
5697.420
5730.739
5764.056
5797.375
5830.696
5864.015
5897.329
5930.651
5963.969
5997.284
6030.606
6063.924
6097.240
6130.558
6163.879
6197.194
6230.515
6263.834
6297.152
6330.470
6363.786
6397.104
6430.421
6463.740
6497.061
6530.379
6563.694
6597.013
6630.334
6663.649
6696.971
6730.290
6763.604
6796.927
6830.240
6863.558
6896.877
6930.195
6963.513
6996.832
7030.153
7063.470
7096.786
7130.109
7163.423
7196.741
7230.059
7263.378
7296.702
7330.015
7363.336
7396.656
7429.969
7463.290
7496.610
7529.928
7563.242
7596.565
7629.883
7663.201
7696.518
7729.837
7763.151
7796.474
7829.792
7863.106
7896.426
7929.747
7963.064
7996.382
8029.697
8063.015
8096.339
8129.651
8162.969
8196.288
8229.610
8262.925
8296.245
8329.562
8362.880
8396.200
8429.520
8462.834
8496.155
8529.474
8562.793
8596.111
8629.425
8662.744
8696.063
8729.381
8762.698
8796.020
8829.334
8862.652
8895.973
8929.292
8962.607
8995.929
9029.244
9062.564
9095.882
9129.199
9162.517
9195.836
9229.154
9262.475
9295.791
9329.108
9362.432
9395.746
9429.068
9462.386
9495.700
9529.021
9562.340
9595.654
9628.976
9662.294
